"","Ilngwesi","Kalama","lekurruki","meibae ","Melako","Nakuprat_Gotu","namunyak","sera","westgate"
"business",0.12,0.13,0.08,0.16,0.17,0.09,0.07,0.17,0.06
"casual",0.15,0.13,0.1,0.03,0.1,0.09,0.06,0.07,0.06
"charcoal",0,0,0.03,0,0,0,0.04,0,0
"crop_sales",0.14,0.01,0.05,0,0.01,0.07,0.01,0,0.02
"firewood",0.07,0.21,0.02,0,0.05,0.06,0.03,0.03,0
"gifts",0.02,0.03,0.01,0.09,0.03,0.02,0.03,0.01,0.03
"livestock_sales",0.26,0.26,0.33,0.4,0.35,0.38,0.43,0.4,0.34
"meat_sales",0,0,0.29,0.16,0,0,0.14,0.07,0.29
"milk_sales",0.13,0.09,0.04,0.03,0.18,0.18,0.1,0.06,0.03
"natural_resurces",0.01,0.03,0.01,0.08,0.03,0.05,0.03,0.03,0.11
"other",0,0,0.02,0,0,0,0.01,0,0
"salary",0.09,0.1,0.04,0.05,0.08,0.06,0.05,0.15,0.07
